0.000000 90.000000
0.100000 90.000000
0.200000 90.000000
0.300000 90.000000
0.400000 90.000000
0.500000 90.000000
0.600000 90.000000
0.700000 90.000000
0.800000 90.000000
0.900000 90.000000
1.000000 90.000000
1.100000 90.000000
1.200000 90.000000
1.300000 90.000000
1.400000 90.000000
1.500000 90.000000
1.600000 90.000000
1.700000 90.000000
1.800000 90.000000
1.900000 90.000000
2.000000 90.000000
2.100000 90.000000
2.200000 90.000000
2.300000 90.000000
2.400000 90.000000
2.500000 90.000000
2.600000 90.000000
2.700000 90.000000
2.800000 90.000000
2.900000 90.000000
3.000000 90.000000
3.100000 90.000000
3.200000 90.000000
3.300000 90.000000
3.400000 90.000000
3.500000 90.000000
3.600000 90.000000
3.700000 90.000000
3.800000 90.000000
3.900000 90.000000
4.000000 90.000000
4.100000 90.000000
4.200000 90.000000
4.300000 90.000000
4.400000 90.000000
4.500000 90.000000
4.600000 90.000000
4.700000 90.000000
4.800000 90.000000
4.900000 90.000000
5.000000 89.751579
5.100000 89.191945
5.200000 88.665300
5.300000 88.170150
5.400000 87.705032
5.500000 87.268518
5.600000 86.859223
5.700000 86.475798
5.800000 86.116938
5.900000 85.781385
6.000000 85.467922
6.100000 85.175380
6.200000 84.902634
6.300000 84.648605
6.400000 84.412257
6.500000 84.192601
6.600000 83.988690
6.700000 83.799619
6.800000 83.624526
6.900000 83.462587
7.000000 83.313020
7.100000 83.175079
7.200000 83.048054
7.300000 82.931273
7.400000 82.824095
7.500000 82.725915
7.600000 82.636155
7.700000 82.554272
7.800000 82.479748
7.900000 82.412096
8.000000 82.350852
8.100000 82.295579
8.200000 82.245865
8.300000 82.201319
8.400000 82.161573
8.500000 82.126280
8.600000 82.095113
8.700000 82.067762
8.800000 82.043937
8.900000 82.023366
9.000000 82.005789
9.100000 81.990965
9.200000 81.978667
9.300000 81.968682
9.400000 81.960807
9.500000 81.954856
9.600000 81.950652
9.700000 81.948029
9.800000 81.946834
9.900000 81.946920
10.000000 81.948153
10.100000 81.950406
10.200000 81.953561
10.300000 81.957508
10.400000 81.962144
10.500000 81.967374
10.600000 81.973108
10.700000 81.979263
10.800000 81.985764
10.900000 81.992538
11.000000 81.999519
11.100000 82.006647
11.200000 82.013865
11.300000 82.021122
11.400000 82.028368
11.500000 82.035560
11.600000 82.042658
11.700000 82.049624
11.800000 82.056424
11.900000 82.063029
12.000000 82.069408
12.100000 82.075538
12.200000 82.081395
12.300000 82.086957
12.400000 82.092208
12.500000 82.097130
12.600000 82.101708
12.700000 82.105929
12.800000 82.109783
12.900000 82.113259
13.000000 82.116349
13.100000 82.119046
13.200000 82.121344
13.300000 82.123239
13.400000 82.124726
13.500000 82.125804
13.600000 82.126469
13.700000 82.126722
13.800000 82.126562
13.900000 82.125990
14.000000 82.125007
14.100000 82.123615
14.200000 82.121815
14.300000 82.119611
14.400000 82.117007
14.500000 82.114005
14.600000 82.110611
14.700000 82.106827
14.800000 82.102660
14.900000 82.098114
15.000000 82.093194
15.100000 82.087908
15.200000 82.082263
15.300000 82.076264
15.400000 82.069917
15.500000 82.063229
15.600000 82.056204
15.700000 82.048850
15.800000 82.041171
15.900000 82.033175
16.000000 82.024868
16.100000 82.016255
16.200000 82.007344
16.300000 81.998140
16.400000 81.988649
16.500000 81.978879
16.600000 81.968835
16.700000 81.958523
16.800000 81.947950
16.900000 81.937122
17.000000 81.926045
17.100000 81.914726
17.200000 81.903169
17.300000 81.891382
17.400000 81.879370
17.500000 81.867139
17.600000 81.854694
17.700000 81.842041
17.800000 81.829187
17.900000 81.816136
18.000000 81.802894
18.100000 81.789466
18.200000 81.775857
18.300000 81.762073
18.400000 81.748119
18.500000 81.734000
18.600000 81.719720
18.700000 81.705285
18.800000 81.690699
18.900000 81.675966
19.000000 81.661092
19.100000 81.646081
19.200000 81.630937
19.300000 81.615665
19.400000 81.600268
19.500000 81.584750
19.600000 81.569116
19.700000 81.553369
19.800000 81.537513
19.900000 81.521551
20.000000 81.505487
20.100000 81.489322
20.200000 81.473061
20.300000 81.456707
20.400000 81.440264
20.500000 81.423735
20.600000 81.407123
20.700000 81.390433
20.800000 81.373666
20.900000 81.356827
21.000000 81.339918
21.100000 81.322943
21.200000 81.305903
21.300000 81.288803
21.400000 81.271644
21.500000 81.254430
21.600000 81.237163
21.700000 81.219845
21.800000 81.202480
21.900000 81.185069
22.000000 81.167615
22.100000 81.150119
22.200000 81.132586
22.300000 81.115016
22.400000 81.097411
22.500000 81.079774
22.600000 81.062107
22.700000 81.044411
22.800000 81.026689
22.900000 81.008943
23.000000 80.991173
23.100000 80.973382
23.200000 80.955572
23.300000 80.937744
23.400000 80.919900
23.500000 80.902041
23.600000 80.884168
23.700000 80.866284
23.800000 80.848390
23.900000 80.830487
24.000000 80.812576
24.100000 80.794659
24.200000 80.776737
24.300000 80.758811
24.400000 80.740882
24.500000 80.722952
24.600000 80.705021
24.700000 80.687092
24.800000 80.669163
24.900000 80.651238
25.000000 80.633316
25.100000 80.615399
25.200000 80.597488
25.300000 80.579583
25.400000 80.561685
25.500000 80.543796
25.600000 80.525916
25.700000 80.508045
25.800000 80.490185
25.900000 80.472337
26.000000 80.454500
26.100000 80.436677
26.200000 80.418866
26.300000 80.401070
26.400000 80.383288
26.500000 80.365522
26.600000 80.347772
26.700000 80.330038
26.800000 80.312321
26.900000 80.294621
27.000000 80.276940
27.100000 80.259277
27.200000 80.241634
27.300000 80.224009
27.400000 80.206405
27.500000 80.188821
27.600000 80.171258
27.700000 80.153717
27.800000 80.136197
27.900000 80.118699
28.000000 80.101223
28.100000 80.083771
28.200000 80.066341
28.300000 80.048935
28.400000 80.031552
28.500000 80.014194
28.600000 79.996860
28.700000 79.979550
28.800000 79.962265
28.900000 79.945006
29.000000 79.927772
29.100000 79.910563
29.200000 79.893380
29.300000 79.876223
29.400000 79.859093
29.500000 79.841989
29.600000 79.824911
29.700000 79.807861
29.800000 79.790837
29.900000 79.773841
30.000000 79.756872
30.100000 79.739930
30.200000 79.723017
30.300000 79.706131
30.400000 79.689273
30.500000 79.672443
30.600000 79.655641
30.700000 79.638868
30.800000 79.622123
30.900000 79.605407
31.000000 79.588720
31.100000 79.572061
31.200000 79.555431
31.300000 79.538830
31.400000 79.522258
31.500000 79.505716
31.600000 79.489202
31.700000 79.472718
31.800000 79.456264
31.900000 79.439838
32.000000 79.423443
32.100000 79.407076
32.200000 79.390740
32.300000 79.374433
32.400000 79.358156
32.500000 79.341909
32.600000 79.325691
32.700000 79.309503
32.800000 79.293346
32.900000 79.277218
33.000000 79.261120
33.100000 79.245052
33.200000 79.229015
33.300000 79.213007
33.400000 79.197029
33.500000 79.181082
33.600000 79.165164
33.700000 79.149277
33.800000 79.133420
33.900000 79.117593
34.000000 79.101797
34.100000 79.086030
34.200000 79.070294
34.300000 79.054588
34.400000 79.038912
34.500000 79.023267
34.600000 79.007651
34.700000 78.992066
34.800000 78.976511
34.900000 78.960987
35.000000 78.945493
35.100000 78.930029
35.200000 78.914595
35.300000 78.899191
35.400000 78.883818
35.500000 78.868476
35.600000 78.853163
35.700000 78.837881
35.800000 78.822629
35.900000 78.807408
36.000000 78.792217
36.100000 78.777056
36.200000 78.761926
36.300000 78.746826
36.400000 78.731757
36.500000 78.716718
36.600000 78.701709
36.700000 78.686731
36.800000 78.671783
36.900000 78.656865
37.000000 78.641978
37.100000 78.627120
37.200000 78.612294
37.300000 78.597497
37.400000 78.582731
37.500000 78.567996
37.600000 78.553290
37.700000 78.538615
37.800000 78.523970
37.900000 78.509355
38.000000 78.494771
38.100000 78.480216
38.200000 78.465692
38.300000 78.451198
38.400000 78.436735
38.500000 78.422301
38.600000 78.407898
38.700000 78.393524
38.800000 78.379181
38.900000 78.364868
39.000000 78.350584
39.100000 78.336331
39.200000 78.322108
39.300000 78.307915
39.400000 78.293752
39.500000 78.279618
39.600000 78.265515
39.700000 78.251441
39.800000 78.237398
39.900000 78.223384
40.000000 78.209400
40.100000 78.195446
40.200000 78.181521
40.300000 78.167627
40.400000 78.153762
40.500000 78.139926
40.600000 78.126121
40.700000 78.112344
40.800000 78.098598
40.900000 78.084881
41.000000 78.071194
41.100000 78.057536
41.200000 78.043907
41.300000 78.030308
41.400000 78.016739
41.500000 78.003199
41.600000 77.989688
41.700000 77.976206
41.800000 77.962754
41.900000 77.949331
42.000000 77.935937
42.100000 77.922573
42.200000 77.909238
42.300000 77.895931
42.400000 77.882654
42.500000 77.869406
42.600000 77.856187
42.700000 77.842997
42.800000 77.829836
42.900000 77.816704
43.000000 77.803600
43.100000 77.790526
43.200000 77.777480
43.300000 77.764464
43.400000 77.751476
43.500000 77.738516
43.600000 77.725586
43.700000 77.712684
43.800000 77.699810
43.900000 77.686965
44.000000 77.674149
44.100000 77.661361
44.200000 77.648602
44.300000 77.635871
44.400000 77.623169
44.500000 77.610495
44.600000 77.597849
44.700000 77.585231
44.800000 77.572642
44.900000 77.560081
45.000000 77.547548
45.100000 77.535043
45.200000 77.522566
45.300000 77.510118
45.400000 77.497697
45.500000 77.485304
45.600000 77.472939
45.700000 77.460602
45.800000 77.448293
45.900000 77.436012
46.000000 77.423759
46.100000 77.411533
46.200000 77.399335
46.300000 77.387165
46.400000 77.375022
46.500000 77.362907
46.600000 77.350819
46.700000 77.338759
46.800000 77.326726
46.900000 77.314721
47.000000 77.302743
47.100000 77.290792
47.200000 77.278869
47.300000 77.266973
47.400000 77.255104
47.500000 77.243263
47.600000 77.231448
47.700000 77.219661
47.800000 77.207900
47.900000 77.196167
48.000000 77.184461
48.100000 77.172781
48.200000 77.161128
48.300000 77.149503
48.400000 77.137904
48.500000 77.126332
48.600000 77.114786
48.700000 77.103267
48.800000 77.091775
48.900000 77.080309
49.000000 77.068870
49.100000 77.057458
49.200000 77.046072
49.300000 77.034712
49.400000 77.023378
49.500000 77.012071
49.600000 77.000791
49.700000 76.989536
49.800000 76.978308
49.900000 76.967105
50.000000 76.955929
50.100000 76.944779
50.200000 76.933655
50.300000 76.922557
50.400000 76.911485
50.500000 76.900438
50.600000 76.889418
50.700000 76.878423
50.800000 76.867454
50.900000 76.856511
51.000000 76.845593
51.100000 76.834701
51.200000 76.823835
51.300000 76.812994
51.400000 76.802178
51.500000 76.791388
51.600000 76.780623
51.700000 76.769884
51.800000 76.759170
51.900000 76.748481
52.000000 76.737817
52.100000 76.727178
52.200000 76.716565
52.300000 76.705976
52.400000 76.695413
52.500000 76.684874
52.600000 76.674361
52.700000 76.663872
52.800000 76.653408
52.900000 76.642969
53.000000 76.632554
53.100000 76.622165
53.200000 76.611800
53.300000 76.601459
53.400000 76.591143
53.500000 76.580851
53.600000 76.570584
53.700000 76.560342
53.800000 76.550123
53.900000 76.539929
54.000000 76.529759
54.100000 76.519614
54.200000 76.509492
54.300000 76.499395
54.400000 76.489322
54.500000 76.479272
54.600000 76.469247
54.700000 76.459246
54.800000 76.449268
54.900000 76.439315
55.000000 76.429385
55.100000 76.419478
55.200000 76.409596
55.300000 76.399737
55.400000 76.389902
55.500000 76.380090
55.600000 76.370302
55.700000 76.360537
55.800000 76.350796
55.900000 76.341078
56.000000 76.331383
56.100000 76.321712
56.200000 76.312064
56.300000 76.302439
56.400000 76.292837
56.500000 76.283258
56.600000 76.273702
56.700000 76.264170
56.800000 76.254660
56.900000 76.245173
57.000000 76.235709
57.100000 76.226267
57.200000 76.216849
57.300000 76.207453
57.400000 76.198080
57.500000 76.188729
57.600000 76.179401
57.700000 76.170096
57.800000 76.160813
57.900000 76.151552
58.000000 76.142314
58.100000 76.133098
58.200000 76.123905
58.300000 76.114734
58.400000 76.105585
58.500000 76.096458
58.600000 76.087353
58.700000 76.078270
58.800000 76.069209
58.900000 76.060171
59.000000 76.051154
59.100000 76.042159
59.200000 76.033186
59.300000 76.024234
59.400000 76.015305
59.500000 76.006397
59.600000 75.997511
59.700000 75.988646
59.800000 75.979803
59.900000 75.970982
60.000000 75.962181
60.100000 75.953403
60.200000 75.944646
60.300000 75.935910
60.400000 75.927195
60.500000 75.918502
60.600000 75.909830
60.700000 75.901179
60.800000 75.892549
60.900000 75.883940
61.000000 75.875352
61.100000 75.866785
61.200000 75.858240
61.300000 75.849715
61.400000 75.841210
61.500000 75.832727
61.600000 75.824265
61.700000 75.815823
61.800000 75.807402
61.900000 75.799001
62.000000 75.790621
62.100000 75.782262
62.200000 75.773923
62.300000 75.765604
62.400000 75.757306
62.500000 75.749029
62.600000 75.740771
62.700000 75.732534
62.800000 75.724318
62.900000 75.716121
63.000000 75.707945
63.100000 75.699788
63.200000 75.691652
63.300000 75.683536
63.400000 75.675440
63.500000 75.667363
63.600000 75.659307
63.700000 75.651270
63.800000 75.643254
63.900000 75.635257
64.000000 75.627279
64.100000 75.619322
64.200000 75.611384
64.300000 75.603466
64.400000 75.595567
64.500000 75.587688
64.600000 75.579828
64.700000 75.571988
64.800000 75.564167
64.900000 75.556366
65.000000 75.548584
65.100000 75.540821
65.200000 75.533077
65.300000 75.525353
65.400000 75.517648
65.500000 75.509961
65.600000 75.502294
65.700000 75.494646
65.800000 75.487017
65.900000 75.479407
66.000000 75.471816
66.100000 75.464244
66.200000 75.456691
66.300000 75.449156
66.400000 75.441640
66.500000 75.434143
66.600000 75.426665
66.700000 75.419205
66.800000 75.411764
66.900000 75.404342
67.000000 75.396937
67.100000 75.389552
67.200000 75.382185
67.300000 75.374836
67.400000 75.367506
67.500000 75.360194
67.600000 75.352901
67.700000 75.345625
67.800000 75.338368
67.900000 75.331129
68.000000 75.323908
68.100000 75.316706
68.200000 75.309521
68.300000 75.302355
68.400000 75.295206
68.500000 75.288076
68.600000 75.280963
68.700000 75.273868
68.800000 75.266792
68.900000 75.259733
69.000000 75.252691
69.100000 75.245668
69.200000 75.238662
69.300000 75.231674
69.400000 75.224704
69.500000 75.217751
69.600000 75.210816
69.700000 75.203898
69.800000 75.196998
69.900000 75.190115
70.000000 75.183250
70.100000 75.176402
70.200000 75.169572
70.300000 75.162759
70.400000 75.155963
70.500000 75.149184
70.600000 75.142423
70.700000 75.135679
70.800000 75.128952
70.900000 75.122242
71.000000 75.115549
71.100000 75.108873
71.200000 75.102214
71.300000 75.095573
71.400000 75.088948
71.500000 75.082340
71.600000 75.075749
71.700000 75.069175
71.800000 75.062618
71.900000 75.056077
72.000000 75.049554
72.100000 75.043047
72.200000 75.036557
72.300000 75.030083
72.400000 75.030083
72.500000 75.030083
72.600000 75.030083
72.700000 75.030083
72.800000 75.030083
72.900000 75.030083
73.000000 75.030083
73.100000 75.030083
73.200000 75.030083
73.300000 75.030083
73.400000 74.965198
73.500000 74.900313
73.600000 74.835429
73.700000 74.770544
73.800000 74.705659
73.900000 74.640774
74.000000 74.575889
74.100000 74.511004
74.200000 74.446119
74.300000 74.381235
74.400000 74.316350
74.500000 74.251465
74.600000 74.186580
74.700000 74.121695
74.800000 74.056810
74.900000 73.991926
75.000000 73.927041
75.100000 73.862156
75.200000 73.797271
75.300000 73.732386
75.400000 73.667501
75.500000 73.602616
75.600000 73.537732
75.700000 73.472847
75.800000 73.407962
75.900000 73.343077
76.000000 73.278192
76.100000 73.213307
76.200000 73.148423
76.300000 73.083538
76.400000 73.018653
76.500000 72.953768
76.600000 72.888883
76.700000 72.823998
76.800000 72.759113
76.900000 72.694229
77.000000 72.629344
77.100000 72.564459
77.200000 72.499574
77.300000 72.434689
77.400000 72.369804
77.500000 72.304920
77.600000 72.240035
77.700000 72.175150
77.800000 72.110265
77.900000 72.045380
78.000000 71.980495
78.100000 71.915610
78.200000 71.850726
78.300000 71.785841
78.400000 71.720956
78.500000 71.656071
78.600000 71.591186
78.700000 71.526301
78.800000 71.461417
78.900000 71.396532
79.000000 71.331647
79.100000 71.266762
79.200000 71.201877
79.300000 71.136992
79.400000 71.072107
79.500000 71.007223
79.600000 70.942338
79.700000 70.877453
79.800000 70.812568
79.900000 70.747683
80.000000 70.682798
80.100000 70.617914
80.200000 70.553029
80.300000 70.488144
80.400000 70.423259
80.500000 70.358374
80.600000 70.293489
80.700000 70.228604
80.800000 70.163720
80.900000 70.098835
81.000000 70.033950
81.100000 69.969065
81.200000 69.904180
81.300000 69.839295
81.400000 69.774411
81.500000 69.709526
81.600000 69.644641
81.700000 69.579756
81.800000 69.514871
81.900000 69.449986
82.000000 69.385101
82.100000 69.320217
82.200000 69.255332
82.300000 69.190447
82.400000 69.125562
82.500000 69.060677
82.600000 68.995792
82.700000 68.930908
82.800000 68.866023
82.900000 68.801138
83.000000 68.736253
83.100000 68.671368
83.200000 68.606483
83.300000 68.541598
83.400000 68.476714
83.500000 68.411829
83.600000 68.346944
83.700000 68.282059
83.800000 68.217174
83.900000 68.152289
84.000000 68.087405
84.100000 68.022520
84.200000 67.957635
84.300000 67.892750
84.400000 67.827865
84.500000 67.762980
84.600000 67.698095
84.700000 67.633211
84.800000 67.568326
84.900000 67.503441
85.000000 67.438556
85.100000 67.373671
85.200000 67.308786
85.300000 67.243902
85.400000 67.179017
85.500000 67.114132
85.600000 67.049247
85.700000 66.984362
85.800000 66.919477
85.900000 66.854592
86.000000 66.789708
86.100000 66.724823
86.200000 66.659938
86.300000 66.595053
86.400000 66.530168
86.500000 66.465283
86.600000 66.400399
86.700000 66.335514
86.800000 66.270629
86.900000 66.205744
87.000000 66.140859
87.100000 66.075974
87.200000 66.011089
87.300000 65.946205
87.400000 65.881320
87.500000 65.816435
87.600000 65.751550
87.700000 65.686665
87.800000 65.621780
87.900000 65.556896
88.000000 65.492011
88.100000 65.427126
88.200000 65.362241
88.300000 65.297356
88.400000 65.232471
88.500000 65.167586
88.600000 65.102702
88.700000 65.037817
88.800000 64.972932
88.900000 64.908047
89.000000 64.843162
89.100000 64.778277
89.200000 64.713393
89.300000 64.648508
89.400000 64.583623
89.500000 64.518738
89.600000 64.453853
89.700000 64.388968
89.800000 64.324083
89.900000 64.259199
90.000000 64.194314
90.100000 64.129429
90.200000 64.064544
90.300000 63.999659
90.400000 63.934774
90.500000 63.869890
90.600000 63.805005
90.700000 63.740120
90.800000 63.675235
90.900000 63.610350
91.000000 63.545465
91.100000 63.480580
91.200000 63.415696
91.300000 63.350811
91.400000 63.285926
91.500000 63.221041
91.600000 63.156156
91.700000 63.091271
91.800000 63.026387
91.900000 62.961502
92.000000 62.896617
92.100000 62.831732
92.200000 62.766847
92.300000 62.701962
92.400000 62.637077
92.500000 62.572193
92.600000 62.507308
92.700000 62.442423
92.800000 62.377538
92.900000 62.312653
93.000000 62.247768
93.100000 62.182884
93.200000 62.117999
93.300000 62.053114
93.400000 61.988229
93.500000 61.923344
93.600000 61.858459
93.700000 61.793574
93.800000 61.728690
93.900000 61.663805
94.000000 61.598920
94.100000 61.534035
94.200000 61.469150
94.300000 61.404265
94.400000 61.339381
94.500000 61.274496
94.600000 61.209611
94.700000 61.144726
94.800000 61.079841
94.900000 61.014956
95.000000 60.950071
95.100000 60.885187
95.200000 60.820302
95.300000 60.755417
95.400000 60.690532
95.500000 60.625647
95.600000 60.560762
95.700000 60.495878
95.800000 60.430993
95.900000 60.366108
96.000000 60.301223
96.100000 60.236338
96.200000 60.171453
96.300000 60.106569
96.400000 60.041684
96.500000 59.976799
96.600000 59.911914
96.700000 59.847029
96.800000 59.782144
96.900000 59.717259
97.000000 59.652375
97.100000 59.587490
97.200000 59.522605
97.300000 59.457720
97.400000 59.392835
97.500000 59.327950
97.600000 59.263066
97.700000 59.198181
97.800000 59.133296
97.900000 59.068411
98.000000 59.003526
98.100000 58.938641
98.200000 58.873756
98.300000 58.808872
98.400000 58.743987
98.500000 58.679102
98.600000 58.614217
98.700000 58.549332
98.800000 58.484447
98.900000 58.419563
99.000000 58.354678
99.100000 58.289793
99.200000 58.224908
99.300000 58.160023
99.400000 58.095138
99.500000 58.030253
99.600000 57.965369
99.700000 57.900484
99.800000 57.835599
99.900000 57.770714
100.000000 57.705829
100.100000 57.640944
100.200000 57.576060
100.300000 57.511175
100.400000 57.446290
100.500000 57.381405
100.600000 57.316520
100.700000 57.251635
100.800000 57.186750
100.900000 57.121866
101.000000 57.056981
101.100000 56.992096
101.200000 56.927211
101.300000 56.862326
101.400000 56.797441
101.500000 56.732557
101.600000 56.667672
101.700000 56.602787
101.800000 56.537902
101.900000 56.473017
102.000000 56.408132
102.100000 56.343247
102.200000 56.278363
102.300000 56.213478
102.400000 56.148593
102.500000 56.083708
102.600000 56.018823
102.700000 55.953938
102.800000 55.889054
102.900000 55.824169
103.000000 55.759284
103.100000 55.694399
103.200000 55.629514
103.300000 55.564629
103.400000 55.499744
103.500000 55.434860
103.600000 55.369975
103.700000 55.305090
103.800000 55.240205
103.900000 55.175320
104.000000 55.110435
104.100000 55.045551
104.200000 54.980666
104.300000 54.915781
104.400000 54.850896
104.500000 54.786011
104.600000 54.721126
104.700000 54.656241
104.800000 54.591357
104.900000 54.526472
105.000000 54.461587
105.100000 54.396702
105.200000 54.331817
105.300000 54.266932
105.400000 54.202048
105.500000 54.137163
105.600000 54.072278
105.700000 54.007393
105.800000 53.942508
105.900000 53.877623
106.000000 53.812738
106.100000 53.747854
106.200000 53.682969
106.300000 53.618084
106.400000 53.553199
106.500000 53.488314
106.600000 53.423429
106.700000 53.358545
106.800000 53.293660
106.900000 53.228775
107.000000 53.163890
107.100000 53.099005
107.200000 53.034120
107.300000 52.969235
107.400000 52.904351
107.500000 52.839466
107.600000 52.774581
107.700000 52.709696
107.800000 52.644811
107.900000 52.579926
108.000000 52.515042
108.100000 52.450157
108.200000 52.385272
108.300000 52.320387
108.400000 52.255502
108.500000 52.190617
108.600000 52.125732
108.700000 52.060848
108.800000 51.995963
108.900000 51.931078
109.000000 51.866193
109.100000 51.801308
109.200000 51.736423
109.300000 51.671539
109.400000 51.606654
109.500000 51.541769
109.600000 51.476884
109.700000 51.411999
109.800000 51.347114
109.900000 51.282229
110.000000 51.217345
110.100000 51.152460
110.200000 51.087575
110.300000 51.022690
110.400000 50.957805
110.500000 50.892920
110.600000 50.828036
110.700000 50.763151
110.800000 50.698266
110.900000 50.633381
111.000000 50.568496
111.100000 50.503611
111.200000 50.438726
111.300000 50.373842
111.400000 50.308957
111.500000 50.244072
111.600000 50.179187
111.700000 50.114302
111.800000 50.049417
111.900000 49.984533
112.000000 49.919648
112.100000 49.854763
112.200000 49.789878
112.300000 49.724993
112.400000 49.660108
112.500000 49.595223
112.600000 49.530339
112.700000 49.465454
112.800000 49.400569
112.900000 49.335684
113.000000 49.270799
113.100000 49.205914
113.200000 49.141030
113.300000 49.076145
113.400000 49.011260
113.500000 48.946375
113.600000 48.881490
113.700000 48.816605
113.800000 48.751720
113.900000 48.686836
114.000000 48.621951
114.100000 48.557066
114.200000 48.492181
114.300000 48.427296
114.400000 48.362411
114.500000 48.297527
114.600000 48.232642
114.700000 48.167757
114.800000 48.102872
114.900000 48.037987
115.000000 47.973102
115.100000 47.908217
115.200000 47.843333
115.300000 47.778448
115.400000 47.713563
115.500000 47.648678
115.600000 47.583793
115.700000 47.518908
115.800000 47.454024
115.900000 47.389139
116.000000 47.324254
116.100000 47.259369
116.200000 47.194484
116.300000 47.129599
116.400000 47.064714
116.500000 46.999830
116.600000 46.934945
116.700000 46.870060
116.800000 46.805175
116.900000 46.740290
117.000000 46.675405
117.100000 46.610521
117.200000 46.545636
117.300000 46.480751
117.400000 46.415866
117.500000 46.350981
117.600000 46.286096
117.700000 46.221211
117.800000 46.156327
117.900000 46.091442
118.000000 46.026557
118.100000 45.961672
118.200000 45.896787
118.300000 45.831902
118.400000 45.767018
118.500000 45.702133
118.600000 45.637248
118.700000 45.572363
118.800000 45.507478
118.900000 45.442593
119.000000 45.377708
119.100000 45.312824
119.200000 45.247939
119.300000 45.183054
119.400000 45.118169
119.500000 45.053284
119.600000 44.988399
119.700000 44.923515
119.800000 44.858630
119.900000 44.793745
120.000000 44.728860
120.100000 44.663975
120.200000 44.599090
120.300000 44.534205
120.400000 44.469321
120.500000 44.404436
120.600000 44.339551
120.700000 44.274666
120.800000 44.209781
120.900000 44.144896
121.000000 44.080012
121.100000 44.015127
121.200000 43.950242
121.300000 43.885357
121.400000 43.820472
121.500000 43.755587
121.600000 43.690702
121.700000 43.625818
121.800000 43.560933
121.900000 43.496048
122.000000 43.431163
122.100000 43.366278
122.200000 43.301393
122.300000 43.236509
122.400000 43.171624
122.500000 43.106739
122.600000 43.041854
122.700000 42.976969
122.800000 42.912084
122.900000 42.847199
123.000000 42.782315
123.100000 42.717430
123.200000 42.652545
123.300000 42.587660
123.400000 42.522775
123.500000 42.457890
123.600000 42.393006
123.700000 42.328121
123.800000 42.263236
123.900000 42.198351
124.000000 42.133466
124.100000 42.068581
124.200000 42.003696
124.300000 41.938812
124.400000 41.873927
124.500000 41.809042
124.600000 41.744157
124.700000 41.679272
124.800000 41.614387
124.900000 41.549503
125.000000 41.484618
125.100000 41.419733
125.200000 41.354848
125.300000 41.289963
125.400000 41.225078
125.500000 41.160193
125.600000 41.095309
125.700000 41.030424
125.800000 40.965539
125.900000 40.900654
126.000000 40.835769
126.100000 40.770884
126.200000 40.706000
126.300000 40.641115
126.400000 40.576230
126.500000 40.511345
126.600000 40.446460
126.700000 40.381575
126.800000 40.316690
126.900000 40.251806
127.000000 40.186921
127.100000 40.122036
127.200000 40.057151
127.300000 39.992266
127.400000 39.927381
127.500000 39.862497
127.600000 39.797612
127.700000 39.732727
127.800000 39.667842
127.900000 39.602957
128.000000 39.538072
128.100000 39.473188
128.200000 39.408303
128.300000 39.343418
128.400000 39.278533
128.500000 39.213648
128.600000 39.148763
128.700000 39.083878
128.800000 39.018994
128.900000 38.954109
129.000000 38.889224
129.100000 38.824339
129.200000 38.759454
129.300000 38.694569
129.400000 38.629685
129.500000 38.564800
129.600000 38.499915
129.700000 38.435030
129.800000 38.370145
129.900000 38.305260
130.000000 38.240375
130.100000 38.175491
130.200000 38.110606
130.300000 38.045721
130.400000 37.980836
130.500000 37.915951
130.600000 37.851066
130.700000 37.786182
130.800000 37.721297
130.900000 37.656412
131.000000 37.591527
131.100000 37.526642
131.200000 37.461757
131.300000 37.396872
131.400000 37.331988
131.500000 37.267103
131.600000 37.202218
131.700000 37.137333
131.800000 37.072448
131.900000 37.007563
132.000000 36.942679
132.100000 36.877794
132.200000 36.812909
132.300000 36.748024
132.400000 36.683139
132.500000 36.618254
132.600000 36.553369
132.700000 36.488485
132.800000 36.423600
132.900000 36.358715
133.000000 36.293830
133.100000 36.228945
133.200000 36.164060
133.300000 36.099176
133.400000 36.034291
133.500000 35.969406
133.600000 35.904521
133.700000 35.839636
133.800000 35.774751
133.900000 35.709866
134.000000 35.644982
134.100000 35.580097
134.200000 35.515212
134.300000 35.450327
134.400000 35.385442
134.500000 35.320557
134.600000 35.255673
134.700000 35.190788
134.800000 35.125903
134.900000 35.061018
135.000000 34.996133
135.100000 34.931248
135.200000 34.866363
135.300000 34.801479
135.400000 34.736594
135.500000 34.671709
135.600000 34.606824
135.700000 34.541939
135.800000 34.477054
135.900000 34.412170
136.000000 34.347285
136.100000 34.282400
136.200000 34.217515
136.300000 34.152630
136.400000 34.087745
136.500000 34.022860
136.600000 33.957976
136.700000 33.893091
136.800000 33.828206
136.900000 33.763321
137.000000 33.698436
137.100000 33.633551
137.200000 33.568667
137.300000 33.503782
137.400000 33.438897
137.500000 33.374012
137.600000 33.309127
137.700000 33.244242
137.800000 33.179357
137.900000 33.114473
138.000000 33.049588
138.100000 32.984703
138.200000 32.919818
138.300000 32.854933
138.400000 32.790048
138.500000 32.725164
138.600000 32.660279
138.700000 32.595394
138.800000 32.530509
138.900000 32.465624
139.000000 32.400739
139.100000 32.335854
139.200000 32.270970
139.300000 32.206085
139.400000 32.141200
139.500000 32.076315
139.600000 32.011430
139.700000 31.946545
139.800000 31.881661
139.900000 31.816776
140.000000 31.751891
140.100000 31.687006
140.200000 31.622121
140.300000 31.557236
140.400000 31.492351
140.500000 31.427467
140.600000 31.362582
140.700000 31.297697
140.800000 31.232812
140.900000 31.167927
141.000000 31.103042
141.100000 31.038158
141.200000 30.973273
141.300000 30.908388
141.400000 30.843503
141.500000 30.778618
141.600000 30.713733
141.700000 30.648848
141.800000 30.583964
141.900000 30.519079
142.000000 30.454194
142.100000 30.389309
142.200000 30.324424
142.300000 30.259539
142.400000 30.194655
142.500000 30.129770
142.600000 30.064885
142.700000 30.000000
142.800000 30.000000
142.900000 30.000000
143.000000 30.000000
143.100000 30.000000
143.200000 30.000000
143.300000 30.000000
143.400000 30.000000
143.500000 30.000000
143.600000 30.000000
143.700000 30.000000
143.800000 30.000000
143.900000 30.000000
144.000000 30.000000
144.100000 30.000000
144.200000 30.000000
144.300000 30.000000
144.400000 30.000000
144.500000 30.000000
144.600000 30.000000
144.700000 30.000000
144.800000 30.010314
144.900000 30.020628
145.000000 30.030942
145.100000 30.041256
145.200000 30.051570
145.300000 30.061884
145.400000 30.072198
145.500000 30.082512
145.600000 30.092826
145.700000 30.103140
145.800000 30.113454
145.900000 30.123768
146.000000 30.134082
146.100000 30.144396
146.200000 30.154710
146.300000 30.165024
146.400000 30.175338
146.500000 30.185652
146.600000 30.195966
146.700000 30.206280
146.800000 30.216594
146.900000 30.226908
147.000000 30.237222
147.100000 30.247536
147.200000 30.257850
147.300000 30.268164
147.400000 30.278478
147.500000 30.288792
147.600000 30.299106
147.700000 30.309420
147.800000 30.319734
147.900000 30.330048
148.000000 30.340362
148.100000 30.350676
148.200000 30.360990
148.300000 30.371304
148.400000 30.381618
148.500000 30.391932
148.600000 30.402246
148.700000 30.412560
148.800000 30.422874
148.900000 30.433188
149.000000 30.443502
149.100000 30.453816
149.200000 30.464130
149.300000 30.474444
149.400000 30.484758
149.500000 30.495072
149.600000 30.505386
149.700000 30.515700
149.800000 30.526014
149.900000 30.536328
150.000000 30.546642
150.100000 30.556956
150.200000 30.567270
150.300000 30.577584
150.400000 30.587898
150.500000 30.598212
150.600000 30.608526
150.700000 30.618840
150.800000 30.629154
150.900000 30.639468
151.000000 30.649782
151.100000 30.660096
151.200000 30.670410
151.300000 30.680724
151.400000 30.691038
151.500000 30.701352
151.600000 30.711666
151.700000 30.721980
151.800000 30.732294
151.900000 30.742608
152.000000 30.752922
152.100000 30.763236
152.200000 30.773550
152.300000 30.783864
152.400000 30.794178
152.500000 30.804492
152.600000 30.814806
152.700000 30.825120
152.800000 30.835434
152.900000 30.845748
153.000000 30.856062
153.100000 30.866376
153.200000 30.876690
153.300000 30.887004
153.400000 30.897318
153.500000 30.907632
153.600000 30.917946
153.700000 30.928260
153.800000 30.938574
153.900000 30.948888
154.000000 30.959202
154.100000 30.969516
154.200000 30.979830
154.300000 30.990144
154.400000 31.000458
154.500000 31.010772
154.600000 31.021086
154.700000 31.031400
154.800000 31.041714
154.900000 31.052028
155.000000 31.062342
155.100000 31.072656
155.200000 31.082970
155.300000 31.093284
155.400000 31.103598
155.500000 31.113912
155.600000 31.124226
155.700000 31.134540
155.800000 31.144854
155.900000 31.155168
156.000000 31.165482
156.100000 31.175796
156.200000 31.186110
156.300000 31.196424
156.400000 31.206738
156.500000 31.217052
156.600000 31.227366
156.700000 31.237680
156.800000 31.247994
156.900000 31.258308
157.000000 31.268622
157.100000 31.278936
157.200000 31.289250
157.300000 31.289250
157.400000 31.289250
157.500000 31.289250
157.600000 31.289250
157.700000 31.289250
157.800000 31.289250
157.900000 31.289250
158.000000 31.289250
158.100000 31.289250
158.200000 31.289250
158.300000 31.289250
158.400000 31.289250
158.500000 31.289250
158.600000 31.289250
158.700000 31.289250
158.800000 31.289250
158.900000 31.289250
159.000000 31.289250
159.100000 31.289250
159.200000 31.289250
159.300000 31.289250
159.400000 31.289250
159.500000 31.289250
159.600000 31.289250
159.700000 31.289250
159.800000 31.289250
159.900000 31.289250
160.000000 31.289250
160.100000 31.289250
160.200000 31.289250
160.300000 31.289250
160.400000 31.289250
160.500000 31.289250
160.600000 31.289250
160.700000 31.289250
160.800000 31.289250
160.900000 31.289250
161.000000 31.289250
161.100000 31.289250
161.200000 31.289250
161.300000 31.289250
161.400000 31.289250
161.500000 31.289250
161.600000 31.289250
161.700000 31.289250
161.800000 31.289250
161.900000 31.289250
162.000000 31.289250
162.100000 31.289250
162.200000 31.289250
162.300000 31.289250
162.400000 31.289250
162.500000 31.289250
162.600000 31.289250
162.700000 31.289250
162.800000 31.289250
162.900000 31.289250
163.000000 31.289250
163.100000 31.289250
163.200000 31.289250
163.300000 31.289250
163.400000 31.289250
163.500000 31.289250
163.600000 31.289250
163.700000 31.289250
163.800000 31.289250
163.900000 31.289250
164.000000 31.289250
164.100000 31.289250
164.200000 31.289250
164.300000 31.289250
164.400000 31.289250
164.500000 31.289250
164.600000 31.289250
164.700000 31.289250
164.800000 31.289250
164.900000 31.289250
165.000000 31.289250
165.100000 31.289250
165.200000 31.289250
165.300000 31.289250
165.400000 31.289250
165.500000 31.289250
165.600000 31.289250
165.700000 31.289250
165.800000 31.289250
165.900000 31.289250
166.000000 31.289250
166.100000 31.289250
166.200000 31.289250
166.300000 31.289250
166.400000 31.289250
166.500000 31.289250
166.600000 31.289250
166.700000 31.289250
166.800000 31.289250
166.900000 31.289250
167.000000 31.289250
167.100000 31.289250
167.200000 31.289250
167.300000 31.289250
167.400000 31.289250
167.500000 31.289250
167.600000 31.289250
167.700000 31.289250
167.800000 31.289250
167.900000 31.289250
168.000000 31.289250
168.100000 31.289250
168.200000 31.289250
168.300000 31.289250
168.400000 31.289250
168.500000 31.289250
168.600000 31.289250
168.700000 31.289250
168.800000 31.289250
168.900000 31.289250
169.000000 31.289250
169.100000 31.289250
169.200000 31.289250
169.300000 31.289250
169.400000 31.289250
169.500000 31.289250
169.600000 31.289250
169.700000 31.289250
169.800000 31.252463
169.900000 31.191152
170.000000 31.129841
170.100000 31.068530
170.200000 31.007219
170.300000 30.945908
170.400000 30.884597
170.500000 30.823286
170.600000 30.761975
170.700000 30.700664
170.800000 30.639353
170.900000 30.578042
171.000000 30.516731
171.100000 30.455420
171.200000 30.394109
171.300000 30.332798
171.400000 30.271487
171.500000 30.210176
171.600000 30.148865
171.700000 30.087554
171.800000 30.026243
171.900000 29.964932
172.000000 29.903621
172.100000 29.842310
172.200000 29.780999
172.300000 29.719688
172.400000 29.658377
172.500000 29.597066
172.600000 29.535755
172.700000 29.474444
172.800000 29.413133
172.900000 29.351822
173.000000 29.290511
173.100000 29.229200
173.200000 29.167889
173.300000 29.106578
173.400000 29.045267
173.500000 28.983956
173.600000 28.922645
173.700000 28.861334
173.800000 28.800023
173.900000 28.738712
174.000000 28.677401
174.100000 28.616090
174.200000 28.554779
174.300000 28.493468
174.400000 28.432157
174.500000 28.370846
174.600000 28.309535
174.700000 28.248224
174.800000 28.186913
174.900000 28.125602
175.000000 28.064291
175.100000 28.002980
175.200000 27.941669
175.300000 27.880358
175.400000 27.819047
175.500000 27.757736
175.600000 27.696425
175.700000 27.635114
175.800000 27.573803
175.900000 27.512492
176.000000 27.451181
176.100000 27.389870
176.200000 27.328559
176.300000 27.267248
176.400000 27.205937
176.500000 27.144626
176.600000 27.083315
176.700000 27.022004
176.800000 26.960693
176.900000 26.899382
177.000000 26.838071
177.100000 26.776760
177.200000 26.715449
177.300000 26.654138
177.400000 26.592827
177.500000 26.531516
177.600000 26.470205
177.700000 26.408894
177.800000 26.347583
177.900000 26.286272
178.000000 26.224961
178.100000 26.163650
178.200000 26.102339
178.300000 26.041028
178.400000 25.979717
178.500000 25.918406
178.600000 25.857095
178.700000 25.795784
178.800000 25.734473
178.900000 25.673162
179.000000 25.611851
179.100000 25.550540
179.200000 25.489229
179.300000 25.427918
179.400000 25.366607
179.500000 25.305296
179.600000 25.243985
179.700000 25.182674
179.800000 25.121363
179.900000 25.060052
180.000000 24.998741
180.100000 24.937430
180.200000 24.876119
180.300000 24.814808
180.400000 24.753497
180.500000 24.692186
180.600000 24.630875
180.700000 24.569564
180.800000 24.508253
180.900000 24.446942
181.000000 24.385631
181.100000 24.324320
181.200000 24.263009
181.300000 24.201698
181.400000 24.140387
181.500000 24.079076
181.600000 24.017765
181.700000 23.956454
181.800000 23.895143
181.900000 23.833832
182.000000 23.772521
182.100000 23.711210
182.200000 23.649899
182.300000 23.649899
182.400000 23.649899
182.500000 23.649899
182.600000 23.649899
182.700000 23.649899
182.800000 23.649899
182.900000 23.649899
183.000000 23.649899
183.100000 23.649899
183.200000 23.649899
183.300000 23.649899
183.400000 23.649899
183.500000 23.649899
183.600000 23.649899
183.700000 23.649899
183.800000 23.649899
183.900000 23.649899
184.000000 23.649899
184.100000 23.649899
184.200000 23.649899
184.300000 23.649899
184.400000 23.649899
184.500000 23.649899
184.600000 23.649899
184.700000 23.649899
184.800000 23.649899
184.900000 23.649899
185.000000 23.649899
185.100000 23.649899
185.200000 23.649899
185.300000 23.649899
185.400000 23.649899
185.500000 23.649899
185.600000 23.649899
185.700000 23.649899
185.800000 23.649899
185.900000 23.649899
186.000000 23.649899
186.100000 23.649899
186.200000 23.649899
186.300000 23.649899
186.400000 23.649899
186.500000 23.649899
186.600000 23.649899
186.700000 23.649899
186.800000 23.649899
186.900000 23.649899
187.000000 23.649899
187.100000 23.649899
187.200000 23.649899
187.300000 23.649899
187.400000 23.649899
187.500000 23.649899
187.600000 23.649899
187.700000 23.649899
187.800000 23.649899
187.900000 23.649899
188.000000 23.649899
188.100000 23.649899
188.200000 23.649899
188.300000 23.649899
188.400000 23.649899
188.500000 23.649899
188.600000 23.649899
188.700000 23.649899
188.800000 23.649899
188.900000 23.649899
189.000000 23.649899
189.100000 23.649899
189.200000 23.649899
189.300000 23.649899
189.400000 23.649899
189.500000 23.649899
189.600000 23.649899
189.700000 23.649899
189.800000 23.649899
189.900000 23.649899
190.000000 23.649899
190.100000 23.649899
190.200000 23.649899
190.300000 23.649899
190.400000 23.649899
190.500000 23.649899
190.600000 23.649899
190.700000 23.649899
190.800000 23.649899
190.900000 23.649899
191.000000 23.649899
191.100000 23.649899
191.200000 23.649899
191.300000 23.649899
191.400000 23.649899
191.500000 23.649899
191.600000 23.649899
191.700000 23.649899
191.800000 23.649899
191.900000 23.649899
192.000000 23.649899
192.100000 23.649899
192.200000 23.649899
192.300000 23.649899
192.400000 23.649899
192.500000 23.649899
192.600000 23.649899
192.700000 23.649899
192.800000 23.649899
192.900000 23.649899
193.000000 23.649899
193.100000 23.649899
193.200000 23.649899
193.300000 23.649899
193.400000 23.649899
193.500000 23.649899
193.600000 23.649899
193.700000 23.649899
193.800000 23.649899
193.900000 23.649899
194.000000 23.649899
194.100000 23.649899
194.200000 23.649899
194.300000 23.649899
194.400000 23.649899
194.500000 23.649899
194.600000 23.649899
194.700000 23.649899
194.800000 23.711554
194.900000 24.019828
195.000000 24.328102
195.100000 24.636376
195.200000 24.944650
195.300000 25.252924
195.400000 25.561198
195.500000 25.869472
195.600000 26.177746
195.700000 26.486020
195.800000 26.794294
195.900000 27.102568
196.000000 27.410842
196.100000 27.719116
196.200000 28.027390
196.300000 28.335664
196.400000 28.643938
196.500000 28.952212
196.600000 29.260486
196.700000 29.568760
196.800000 29.877034
196.900000 30.185308
197.000000 30.493582
197.100000 30.801856
197.200000 31.110130
197.300000 31.418404
197.400000 31.726678
197.500000 32.034952
197.600000 32.343226
197.700000 32.651500
197.800000 32.959774
197.900000 33.268048
198.000000 33.576322
198.100000 33.884596
198.200000 34.192870
198.300000 34.501144
198.400000 34.809418
198.500000 35.117692
198.600000 35.425966
198.700000 35.734240
198.800000 36.042514
198.900000 36.350788
199.000000 36.659062
199.100000 36.967336
199.200000 37.275610
199.300000 37.583884
199.400000 37.892158
199.500000 38.200432
199.600000 38.508706
199.700000 38.816980
199.800000 39.125254
199.900000 39.433528
200.000000 39.741802
200.100000 40.050076
200.200000 40.358350
200.300000 40.666624
200.400000 40.974898
200.500000 41.283172
200.600000 41.591446
200.700000 41.899720
200.800000 42.207994
200.900000 42.516268
201.000000 42.824542
201.100000 43.132816
201.200000 43.441090
201.300000 43.749364
201.400000 44.057638
201.500000 44.365912
201.600000 44.674186
201.700000 44.982460
201.800000 45.290734
201.900000 45.599008
202.000000 45.907282
202.100000 46.215556
202.200000 46.523830
202.300000 46.832104
202.400000 47.140378
202.500000 47.448652
202.600000 47.756926
202.700000 48.065200
202.800000 48.373474
202.900000 48.681748
203.000000 48.990022
203.100000 49.298296
203.200000 49.606570
203.300000 49.914844
203.400000 50.223118
203.500000 50.531392
203.600000 50.839666
203.700000 51.147940
203.800000 51.456214
203.900000 51.764488
204.000000 52.072762
204.100000 52.381036
204.200000 52.689310
204.300000 52.997584
204.400000 53.305858
204.500000 53.614132
204.600000 53.922406
204.700000 54.230680
204.800000 54.538954
204.900000 54.847228
205.000000 55.155502
205.100000 55.463776
205.200000 55.772050
205.300000 56.080324
205.400000 56.388598
205.500000 56.696872
205.600000 57.005146
205.700000 57.313420
205.800000 57.621694
205.900000 57.929968
206.000000 58.238242
206.100000 58.546516
206.200000 58.854790
206.300000 59.163064
206.400000 59.471338
206.500000 59.779612
206.600000 60.087886
206.700000 60.396160
206.800000 60.704434
206.900000 61.012708
207.000000 61.320982
